{
  "nbformat": 4,
  "nbformat_minor": 0,
  "metadata": {
    "colab": {
      "name": "SecondTry.ipynb",
      "provenance": [],
      "collapsed_sections": [],
      "include_colab_link": true
    },
    "kernelspec": {
      "name": "python3",
      "display_name": "Python 3"
    }
  },
  "cells": [
    {
      "cell_type": "markdown",
      "metadata": {
        "id": "view-in-github",
        "colab_type": "text"
      },
      "source": [
        "<a href=\"https://colab.research.google.com/github/hakivin/pisa-2018-result-self-organizing-map/blob/master/SecondTry.ipynb\" target=\"_parent\"><img src=\"https://colab.research.google.com/assets/colab-badge.svg\" alt=\"Open In Colab\"/></a>"
      ]
    },
    {
      "cell_type": "code",
      "metadata": {
        "id": "wIW4O1pOMOxh",
        "colab_type": "code",
        "colab": {}
      },
      "source": [
        "import tensorflow as tf\n",
        "import numpy as np\n",
        "from csv import reader\n",
        "from google.colab import drive\n",
        "drive.mount('/content/drive/', force_remount=True)\n",
        "from numpy import genfromtxt"
      ],
      "execution_count": 0,
      "outputs": []
    },
    {
      "cell_type": "code",
      "metadata": {
        "id": "K9IZ-1oyMjbI",
        "colab_type": "code",
        "outputId": "96580517-4d89-4270-d0cc-c9c0ca9e8828",
        "colab": {
          "base_uri": "https://localhost:8080/",
          "height": 1310
        }
      },
      "source": [
        "path = '/content/drive/My Drive/Colab Notebooks/dataset/dataset_transpose.csv'\n",
        "data = genfromtxt(path, delimiter=',')\n",
        "print(data)"
      ],
      "execution_count": 0,
      "outputs": [
        {
          "output_type": "stream",
          "text": [
            "[[503. 491. 503. 670.]\n",
            " [484. 499. 490. 700.]\n",
            " [493. 508. 499. 670.]\n",
            " [520. 512. 518. 670.]\n",
            " [452. 417. 444. 640.]\n",
            " [412. 391. 413. 730.]\n",
            " [490. 499. 497. 650.]\n",
            " [501. 509. 493. 670.]\n",
            " [523. 523. 530. 700.]\n",
            " [520. 507. 522. 780.]\n",
            " [493. 495. 493. 700.]\n",
            " [498. 500. 503. 670.]\n",
            " [457. 451. 452. 650.]\n",
            " [476. 481. 481. 680.]\n",
            " [474. 495. 475. 720.]\n",
            " [518. 500. 496. 610.]\n",
            " [470. 463. 462. 670.]\n",
            " [476. 487. 468. 670.]\n",
            " [504. 527. 529. 500.]\n",
            " [514. 526. 519. 570.]\n",
            " [479. 496. 487. 690.]\n",
            " [476. 481. 482. 750.]\n",
            " [470. 483. 477. 680.]\n",
            " [420. 409. 419. 830.]\n",
            " [485. 519. 503. 790.]\n",
            " [506. 494. 508. 670.]\n",
            " [499. 501. 490. 670.]\n",
            " [512. 516. 511. 620.]\n",
            " [492. 492. 492. 690.]\n",
            " [458. 486. 464. 700.]\n",
            " [495. 509. 507. 640.]\n",
            " [506. 502. 499. 670.]\n",
            " [484. 515. 495. 730.]\n",
            " [466. 454. 468. 440.]\n",
            " [504. 502. 505. 530.]\n",
            " [505. 478. 502. 610.]\n",
            " [405. 437. 417. 860.]\n",
            " [402. 379. 404. 700.]\n",
            " [389. 420. 398. 670.]\n",
            " [474. 472. 471. 830.]\n",
            " [403. 406. 398. 760.]\n",
            " [413. 384. 404. 650.]\n",
            " [408. 430. 431. 420.]\n",
            " [420. 436. 424. 590.]\n",
            " [555. 591. 590. 650.]\n",
            " [426. 402. 416. 790.]\n",
            " [479. 464. 472. 760.]\n",
            " [424. 451. 439. 630.]\n",
            " [342. 325. 336. 790.]\n",
            " [380. 398. 383. 740.]\n",
            " [524. 551. 517. 520.]\n",
            " [371. 379. 396. 700.]\n",
            " [419. 400. 429. 620.]\n",
            " [387. 423. 397. 870.]\n",
            " [353. 366. 365. 820.]\n",
            " [353. 393. 384. 590.]\n",
            " [525. 558. 544. 500.]\n",
            " [415. 440. 438. 630.]\n",
            " [448. 472. 457. 600.]\n",
            " [424. 421. 428. 770.]\n",
            " [421. 430. 415. 750.]\n",
            " [359. 368. 377. 620.]\n",
            " [393. 394. 413. 810.]\n",
            " [377. 353. 365. 770.]\n",
            " [401. 400. 404. 680.]\n",
            " [340. 353. 357. 660.]\n",
            " [407. 414. 419. 610.]\n",
            " [428. 430. 426. 800.]\n",
            " [479. 488. 478. 690.]\n",
            " [399. 373. 386. 710.]\n",
            " [439. 448. 440. 740.]\n",
            " [549. 569. 551. 670.]\n",
            " [503. 531. 516. 560.]\n",
            " [393. 419. 426. 730.]\n",
            " [466. 453. 469. 820.]\n",
            " [432. 435. 434. 610.]\n",
            " [427. 418. 426. 730.]]\n"
          ],
          "name": "stdout"
        }
      ]
    },
    {
      "cell_type": "code",
      "metadata": {
        "id": "PcsW2rP9DoTq",
        "colab_type": "code",
        "outputId": "f36229f7-4b10-4032-fb1f-6ed09f2aa99d",
        "colab": {
          "base_uri": "https://localhost:8080/",
          "height": 1000
        }
      },
      "source": [
        "from mpl_toolkits.mplot3d import Axes3D\n",
        "import matplotlib.pyplot as plt\n",
        "import numpy as np\n",
        "\n",
        "#Plot the dataset\n",
        "fig = figure(num=None, figsize=(10, 8), dpi=100, facecolor='w', edgecolor='k')\n",
        "\n",
        "ax = fig.add_subplot(111, projection='3d')\n",
        "transposed = list(map(list, zip(*data)))\n",
        "print(data)\n",
        "print(transposed)\n",
        "x = transposed[0]\n",
        "y = transposed[1]\n",
        "z = transposed[2]\n",
        "c = transposed[3]\n",
        "\n",
        "img = ax.scatter(x, y, z, c=c, cmap=plt.hot())\n",
        "fig.colorbar(img)\n",
        "plt.show()"
      ],
      "execution_count": 0,
      "outputs": [
        {
          "output_type": "stream",
          "text": [
            "[[503. 491. 503. 670.]\n",
            " [484. 499. 490. 700.]\n",
            " [493. 508. 499. 670.]\n",
            " [520. 512. 518. 670.]\n",
            " [452. 417. 444. 640.]\n",
            " [412. 391. 413. 730.]\n",
            " [490. 499. 497. 650.]\n",
            " [501. 509. 493. 670.]\n",
            " [523. 523. 530. 700.]\n",
            " [520. 507. 522. 780.]\n",
            " [493. 495. 493. 700.]\n",
            " [498. 500. 503. 670.]\n",
            " [457. 451. 452. 650.]\n",
            " [476. 481. 481. 680.]\n",
            " [474. 495. 475. 720.]\n",
            " [518. 500. 496. 610.]\n",
            " [470. 463. 462. 670.]\n",
            " [476. 487. 468. 670.]\n",
            " [504. 527. 529. 500.]\n",
            " [514. 526. 519. 570.]\n",
            " [479. 496. 487. 690.]\n",
            " [476. 481. 482. 750.]\n",
            " [470. 483. 477. 680.]\n",
            " [420. 409. 419. 830.]\n",
            " [485. 519. 503. 790.]\n",
            " [506. 494. 508. 670.]\n",
            " [499. 501. 490. 670.]\n",
            " [512. 516. 511. 620.]\n",
            " [492. 492. 492. 690.]\n",
            " [458. 486. 464. 700.]\n",
            " [495. 509. 507. 640.]\n",
            " [506. 502. 499. 670.]\n",
            " [484. 515. 495. 730.]\n",
            " [466. 454. 468. 440.]\n",
            " [504. 502. 505. 530.]\n",
            " [505. 478. 502. 610.]\n",
            " [405. 437. 417. 860.]\n",
            " [402. 379. 404. 700.]\n",
            " [389. 420. 398. 670.]\n",
            " [474. 472. 471. 830.]\n",
            " [403. 406. 398. 760.]\n",
            " [413. 384. 404. 650.]\n",
            " [408. 430. 431. 420.]\n",
            " [420. 436. 424. 590.]\n",
            " [555. 591. 590. 650.]\n",
            " [426. 402. 416. 790.]\n",
            " [479. 464. 472. 760.]\n",
            " [424. 451. 439. 630.]\n",
            " [342. 325. 336. 790.]\n",
            " [380. 398. 383. 740.]\n",
            " [524. 551. 517. 520.]\n",
            " [371. 379. 396. 700.]\n",
            " [419. 400. 429. 620.]\n",
            " [387. 423. 397. 870.]\n",
            " [353. 366. 365. 820.]\n",
            " [353. 393. 384. 590.]\n",
            " [525. 558. 544. 500.]\n",
            " [415. 440. 438. 630.]\n",
            " [448. 472. 457. 600.]\n",
            " [424. 421. 428. 770.]\n",
            " [421. 430. 415. 750.]\n",
            " [359. 368. 377. 620.]\n",
            " [393. 394. 413. 810.]\n",
            " [377. 353. 365. 770.]\n",
            " [401. 400. 404. 680.]\n",
            " [340. 353. 357. 660.]\n",
            " [407. 414. 419. 610.]\n",
            " [428. 430. 426. 800.]\n",
            " [479. 488. 478. 690.]\n",
            " [399. 373. 386. 710.]\n",
            " [439. 448. 440. 740.]\n",
            " [549. 569. 551. 670.]\n",
            " [503. 531. 516. 560.]\n",
            " [393. 419. 426. 730.]\n",
            " [466. 453. 469. 820.]\n",
            " [432. 435. 434. 610.]\n",
            " [427. 418. 426. 730.]]\n",
            "[[503.0, 484.0, 493.0, 520.0, 452.0, 412.0, 490.0, 501.0, 523.0, 520.0, 493.0, 498.0, 457.0, 476.0, 474.0, 518.0, 470.0, 476.0, 504.0, 514.0, 479.0, 476.0, 470.0, 420.0, 485.0, 506.0, 499.0, 512.0, 492.0, 458.0, 495.0, 506.0, 484.0, 466.0, 504.0, 505.0, 405.0, 402.0, 389.0, 474.0, 403.0, 413.0, 408.0, 420.0, 555.0, 426.0, 479.0, 424.0, 342.0, 380.0, 524.0, 371.0, 419.0, 387.0, 353.0, 353.0, 525.0, 415.0, 448.0, 424.0, 421.0, 359.0, 393.0, 377.0, 401.0, 340.0, 407.0, 428.0, 479.0, 399.0, 439.0, 549.0, 503.0, 393.0, 466.0, 432.0, 427.0], [491.0, 499.0, 508.0, 512.0, 417.0, 391.0, 499.0, 509.0, 523.0, 507.0, 495.0, 500.0, 451.0, 481.0, 495.0, 500.0, 463.0, 487.0, 527.0, 526.0, 496.0, 481.0, 483.0, 409.0, 519.0, 494.0, 501.0, 516.0, 492.0, 486.0, 509.0, 502.0, 515.0, 454.0, 502.0, 478.0, 437.0, 379.0, 420.0, 472.0, 406.0, 384.0, 430.0, 436.0, 591.0, 402.0, 464.0, 451.0, 325.0, 398.0, 551.0, 379.0, 400.0, 423.0, 366.0, 393.0, 558.0, 440.0, 472.0, 421.0, 430.0, 368.0, 394.0, 353.0, 400.0, 353.0, 414.0, 430.0, 488.0, 373.0, 448.0, 569.0, 531.0, 419.0, 453.0, 435.0, 418.0], [503.0, 490.0, 499.0, 518.0, 444.0, 413.0, 497.0, 493.0, 530.0, 522.0, 493.0, 503.0, 452.0, 481.0, 475.0, 496.0, 462.0, 468.0, 529.0, 519.0, 487.0, 482.0, 477.0, 419.0, 503.0, 508.0, 490.0, 511.0, 492.0, 464.0, 507.0, 499.0, 495.0, 468.0, 505.0, 502.0, 417.0, 404.0, 398.0, 471.0, 398.0, 404.0, 431.0, 424.0, 590.0, 416.0, 472.0, 439.0, 336.0, 383.0, 517.0, 396.0, 429.0, 397.0, 365.0, 384.0, 544.0, 438.0, 457.0, 428.0, 415.0, 377.0, 413.0, 365.0, 404.0, 357.0, 419.0, 426.0, 478.0, 386.0, 440.0, 551.0, 516.0, 426.0, 469.0, 434.0, 426.0], [670.0, 700.0, 670.0, 670.0, 640.0, 730.0, 650.0, 670.0, 700.0, 780.0, 700.0, 670.0, 650.0, 680.0, 720.0, 610.0, 670.0, 670.0, 500.0, 570.0, 690.0, 750.0, 680.0, 830.0, 790.0, 670.0, 670.0, 620.0, 690.0, 700.0, 640.0, 670.0, 730.0, 440.0, 530.0, 610.0, 860.0, 700.0, 670.0, 830.0, 760.0, 650.0, 420.0, 590.0, 650.0, 790.0, 760.0, 630.0, 790.0, 740.0, 520.0, 700.0, 620.0, 870.0, 820.0, 590.0, 500.0, 630.0, 600.0, 770.0, 750.0, 620.0, 810.0, 770.0, 680.0, 660.0, 610.0, 800.0, 690.0, 710.0, 740.0, 670.0, 560.0, 730.0, 820.0, 610.0, 730.0]]\n"
          ],
          "name": "stdout"
        },
        {
          "output_type": "display_data",
          "data": {
            "image/png": "iVBORw0KGgoAAAANSUhEUgAAAukAAAJvCAYAAADGLU/OAAAABHNCSVQICAgIfAhkiAAAAAlwSFlz\nAAAPYQAAD2EBqD+naQAAADh0RVh0U29mdHdhcmUAbWF0cGxvdGxpYiB2ZXJzaW9uMy4xLjIsIGh0\ndHA6Ly9tYXRwbG90bGliLm9yZy8li6FKAAAgAElEQVR4nOzde3Bb9Zk//vfR1bpLvluObzG5E5or\nJk5p6ZKWWxnaMt3JNtumlCHdsEyHdlpgu4RSKLDtdhgK2ynT7+ywdAqdZWbb/ro7u0yhtCyQLAGK\n7/dLbMfxJbEky9Zd55zfH+456MiyLNnS0ZHO85rJQGLF50ixpPd59DyfD8PzPA9CCCGEEEKIYmgK\nfQKEEEIIIYQQKQrphBBCCCGEKAyFdEIIIYQQQhSGQjohhBBCCCEKQyGdEEIIIYQQhaGQTgghhBBC\niMJQSCeEEEIIIURhdIU+AUIIIYQQUvrC4TCi0ajsxzUYDCgrK5P9uJtFIZ0QQgghhORVOBxGS0sL\nZmdnZT92bW0txsfHiy6oU0gnhBBCCCF5FY1GMTs7i6mpKdjtdtmO6/f70dDQgGg0SiGdEEIIIYSQ\nVOx2u6whvZhRSCeEEEIIITKJ/+WXnMcrTrS6CyGEEEIIIQpDlXRCCCGEECITqqRniirphBBCCCGE\nKAyFdEIIIYQQQhSG2l0IIYQQQohMqN0lU1RJJ4QQQgghRGGokk4IIYQQQmRClfRMUSWdEEIIIYQQ\nhaFKOiGEEEIIkQkLeavbrIzHyi2qpBNCCCGEEKIwFNIJIYQQQghRGGp3IYQQQgghMqHB0UxRJZ0Q\nQgghhBCFoUo6IYQQQgiRCVXSM0WVdEIIIYQQQhSGKumEEEIIIUQmVEnPFFXSCSGEEEIIURgK6YQQ\nQgghhCgMtbsQQgghhBCZsJB3F1DacZQQQgghhJCixrIszpw5g5aWFphMJrS2tuLxxx8Hz/Pibb76\n1a+CYRjJr5tvvlnyfTweD06cOAG73Q6n04m7774by8vLWZ0LVdIJIYQQQohMWMg7zJldJf2HP/wh\nfvazn+HFF1/Enj178P777+Ouu+6Cw+HAN77xDfF2N998M1544QXx90ajUfJ9Tpw4gZmZGbz22muI\nxWK46667cOrUKbz88ssZnwuFdEIIIYQQQgCcPXsWd9xxB2677TYAQHNzM371q1/h/PnzktsZjUbU\n1tam/B79/f149dVX8d577+HQoUMAgOeeew633norfvzjH8Ptdmd0LtTuQgghhBBCZBIvwC/A7/dL\nfkUikZRn197ejj/84Q8YGhoCAHR2duLtt9/GLbfcIrndn/70J1RXV2PHjh04ffo0FhYWxK+dO3cO\nTqdTDOgAcOzYMWg0Grz77rsZP1JUSSeEEEIIISWtoaFB8vvvfe97ePTRR1fd7qGHHoLf78fOnTuh\n1WrBsiyeeOIJnDhxQrzNzTffjC984QtoaWnB6Ogovvvd7+KWW27BuXPnoNVqMTs7i+rqasn31el0\nKC8vx+zsbMbnTCGdEEIIIYSUtKmpKdjtdvH3yT3kgldeeQUvvfQSXn75ZezZswcdHR24//774Xa7\ncfLkSQDA8ePHxdvv3bsX11xzDVpbW/GnP/0JN954Y87OmUI6IYQQQgiRSWF2HLXb7ZKQvpbvfOc7\neOihh8QgvnfvXkxMTOCpp54SQ3qyrVu3orKyEiMjI7jxxhtRW1uL+fl56VnE4/B4PGv2sadCPemE\nEEIIIYQACAaD0Gik8Vir1YLjuDX/zsWLF7GwsIC6ujoAwJEjR+Dz+fDBBx+It3njjTfAcRza2toy\nPheqpBNCCCGEEJkUppKeqdtvvx1PPPEEGhsbsWfPHnz44Yd4+umn8bWvfQ0AsLy8jO9///u48847\nUVtbi9HRUTzwwAO46qqrcNNNNwEAdu3ahZtvvhn33HMPnn/+ecRiMdx33304fvx4xiu7AADDJ67O\nTgghhBBCSI75/X44HA4sLv4JdrtVxuMuw+G4AYuLixm1uywtLeHMmTP4zW9+g/n5ebjdbvzN3/wN\nHnnkERgMBoRCIXzuc5/Dhx9+CJ/PB7fbjc985jN4/PHHUVNTI34fj8eD++67D//5n/8JjUaDO++8\nE88++yys1szvO4V0QgghhBCSV8US0pWE2l0IIYQQQohMlL3jqJLQ4CghhBBCCCEKQ5V0QgghhBAi\nE2UPjioJVdIJIYQQQghRGKqkE0LWxXEcGIYBwzCFPhVCCCFFjSrpmaKQTghZE8/zYFkWoVAILMtC\nr9dDp9NBq9VCq9VSaCeEEELyhEI6ISQljuMQj8fBsix4ngfP84hGo4hEImAYBhqNBlqtVgztOp2O\nQjshhBCSIxTSCSESPM+D4zjEYjHwPC8Gcp7nxf8CEG8TjUbFVhidTieptCdvrUwIIUTtqN0lUxTS\nCSEinucRi8XAsivryqbqQxd+r9VqJX9PCO2xWEy8HYV2QgghZGMopBNCAKxUxmdnZ1FWVgaz2ZxV\n6wrDMGuG9mg0CgDQaDSrQjsNoxJCiNpQJT1TFNIJUTlhODQWi2FwcBAtLS2wWCyb+p6pQrtQpU8M\n7UIvuxDcKbQTQgghKyikE6JiicOhAPIWkIXwLbS7CKE9Ho8jFouJX08cRBXaYyi0E0JIKWEhb3Wb\nlfFYuUUhnRAVSjUcKvwSBkMT5TooZxraOY6DTqdDWVkZhXZCCCGqQiGdEJVJNxy6VgD2er3gOA4O\nhyMvw59rhfaRkRHodDq0tLSIX09sj6HQTgghpFRRSCdERTiOQzQaBcdxKQNuciU9Ho9jYGAAMzMz\n0Gg0YFkWDocDTqcTLpcLdrs976FdaIMReudZlkU4HJa0x1BoJ4SQYkGDo5mikE6ICgitJPF4XFzv\nPFWYTQzpi4uL6OzshNFoxHXXXQedTodQKASfzwefz4fp6WnE43HY7XZJaE8cGN2sxAp/qko7x3EI\nh8PibTQaDfR6vRjeKbQTQggpVhTSCSlxQu85x3EAsG5w5TgOY2NjGBkZQWtrK7Zu3SoOl1qtVlit\nVmzZsgU8zyMYDIqh/dKlS4jFYrDb7XC5XHA6nXA4HDkN7YLEFh2hyi78Wiu0Jy77SAghpFCokp4p\nCumElCihPSQej6/Z3pKM4zhcuHABAHDttdfC6XSueVuGYWCxWGCxWFBfXw+e58VKu9frxczMDKLR\nKGw2myS063TZveykGmRNdS7pQrvwtbXWaieEEEKUhkI6ISUoeTg0k4A+OzsLn88Hu92Ow4cPZx2m\nGYaB2WyG2WyG2+0WA7IQ2gcHBxGJRGCz2eB0OsVf6Y6z0QCdLrRHIpF1N1gihBCSL1RJzxSFdEJK\njLAxUabVc2E4dHZ2FjabDXV1dVkH9FQYhoHJZILJZEJdXR0AIBwOw+v1wufzYXh4GKFQaFVo1+v1\nmz52qnNJDu3AR4O0kUhEbI/RarWSFhkK7YQQQgqBQjohJSLT4dBEicOhR48excDAQF7PsaysDHV1\ndWJoj0QiYmgfHR1FMBiE1WoVB1FZls3b6jEAxH75xNAu7IqaGNqTN1gihBBC8o1COiElINvhUJ7n\nMT4+LhkOlXMzI4HRaERtbS1qa2sBrIR2YRB1bGwMgUBArKwLlXaDwZDz88g0tDMMs6o9hkI7IYRk\ng9pdMkUhnZAitpHh0FAohO7uboTDYbS1tcHhcKz6noViNBpRU1ODmpoaAMDg4CBCoRAAYHx8HIFA\nAGazWRxEdTqdMBqNOT+P5NAOSHdpjcVi4u0otBNCCMkHCumEFKmNDof29vaiuroaBw4cWNV7vlYl\nvVC0Wi1MJhO2b98OAIjFYmKlfWJiAr29vTCbzZKe9rKysryci7B5kiAxtK83iEp97YQQImAhb3Wb\nlfFYuUUhnZAitJHh0P7+fszNzeHqq68W20uSrfV9ChUyk4+r1+tRVVWFqqoqACuhfXFxEV6vF1NT\nU+jr64PJZJKEdpPJlLdzSw7twoVTYntM8q6oFNoJIYRkgkI6IUUkcTgUyKx6njwcmi60Kq2Svh69\nXo/KykpUVlYCWLkYEUL79PQ0BgYGYDQaxcDucrlQVlaWl5C81q6o8XgcsVhsVWhPbI+h0E4IUQ8W\n8la3qZJOCMkzobWCZVlJGFwLz/MYGxvD6OioZDg0HSWG9GzOR6fToaKiAhUVFQA+Cu0+nw8zMzMY\nHByEwWAQA7tQaS9kaE9ukaHQTgghBKCQTojibXQ4tKurC5FIJOVw6HrHU4rNhtXk0M6yrBjaZ2dn\nMTg4CL1eLwntZrNZ1tDOsixYlkUkEsHly5fhdDphtVoptBNCiMpRSCdEwTY7HHrw4MGsNiZaq5Iu\nBMpCyOVxtVotysvLUV5eDmAltPv9fvh8PszNzWF4eBg6nU7S026xWGQL7ZOTk9BoNNDr9QiHwyl7\n2im0E0KKGy3BmCkK6YQoUOLKIdkOh87Pz2PPnj1rDoemo8R2l3zSarVwuVxwuVxoaWkBx3Hw+/3w\ner24fPkyRkZGoNVqJaHdarXmLbQL56TT6cQLI47jEA6HxdsIIV7oaaddUQkhpDRRSCdEYYTqeV9f\nH1wuF2pqajIeDi0rK0N7e/uGVzRRWkiXO3xqNBoxjAMrcwBLS0vwer1YWFjA2NgYGIaRDKLmOrQL\n3ytxFRitViuGdp7nV4X2VMs+EkKIMlElPVMU0glRkMTh0GAwuG6rReJw6FVXXYWWlpZNBTSlhXSg\nsD3yGo0GDodD7OnnOA7Ly8vwer3wer0YHx8HwzBwOBxiT7vVat3whkbp7mu60B6JRNZdq50QQkhx\noZBOiAIIA4SxWAw8z0Oj0UCj0YDjuDX/zmaGQ9fCMEzaY6qdRqOB3W6H3W5HU1MTeJ7H0tKSuMHS\nhQsXwPM8HA6HWGm32Wx52YV0vdAeiUSo0k4IIUWMQjohBcZxHOLx+Krh0HRV7dnZWfT09KCmpibr\n4dD1KKmSrvQwyTCMGNobGxvB8zyWl5fF0D41NQWO42C328VKu91uly20Ays/X9FoVBLatVqtpK9d\n6Y8zIaSU0I6jmaKQTkiBJA6H8jy/aifKVCE9cTg03c6hG0XtLpvDMAxsNhtsNhsaGhrA8zwCgQB8\nPp+4KyrLsmKlXQjtiTuX5iowJwZ2AJLQnrwranKlPR8XEYQQQrJDIZ2QAkheWjHVVvHJgTlXw6Hp\nKDGkFzOGYWC1WmG1WrFlyxbwPI9gMCiG9unpacTjcdjtdjidTnEt/HydCwDJBUHihSKFdkKIPGhw\nNFMU0gmRmdB+sN7SikJgzvVwaDprhfRCtUOUWhsGwzCwWCywWCyor68Hz/MIhULwer3w+XyIRqPo\n7u4WQ7vL5YLD4ZAE61yfz1qhPRaLibeh0E4IIfKjkE6ITIQt4ePxuDgcmi6EMgyDWCyG8+fP53Q4\nNB0lhuJSruwzDAOz2Qyz2Yz6+nr4fD60traC4zj4fD4MDAwgEonAZrNJQnsuZxCSzyddpR3Amj3t\nSvzZIYQoEVXSM0UhnRAZJG5MBGS2c2g4HIbH44Hb7c75cGg6SgrFagt+DMPAaDTC5XLB7XYDWFnF\nRxhEHRwcRCQSgdVqFQdRHQ4H9Hp93s4nObQLF5uxWEwM58m7olJoJ4SQzaOQTkgerTccmoowHOrx\neFBRUYGrr75aprNVXrsLAUwmE0wmE+rq6gCsXLwJPe3Dw8MIhUKS0O50OvMa2oUVYoD1Q3tiewz9\nDBFCSHYopBOSJ5kMhybz+Xzo6upCWVkZ3G533nqR16LEwVGlnU8+CRdy6ZSVlaG2tlZc2ScSiYiV\n9tHRUQSDQVitVjGwO51OGAyGvJxvpqE9ea12Cu2EqBm1u2SKQjoheSBsTLTecKgg1XDo0NCQGPDl\nsl6PvNwoyK3PaDSipqYGNTU1AIBoNCpW2sfHxxEIBGCxWMTA7nK5ZA/tLMuCZVmEw2Fxoy4K7YQQ\nkh6FdEJyKNvhUGDtnUMLUdVWYiWdZMdgMKC6uhrV1dUAPgrtPp8PExMT6O3thdlsloR2o9GYl3NZ\nK7RzHIdwOAwAmJ6ehtvthslkotBOiCpQJT1TFNIJyZGNDIfOzMygt7cXtbW1q4ZDKaSvUNr55FMm\n7S7ZSg7tsVhMsiNqX18fTCaTGNidTifKyspyeg6CVLuijo+Po7KyUvxzIdQnrh5Du6ISQtSIQjoh\nmyR8nC9sRJNJOM9k51CNRpO3jW3SUVIopmCWe3q9HlVVVaiqqgKw8rOYGNr7+/vFFWaEans+Ns4C\nProoFJZ0FCrtPM+LlfZUPe0U2gkpZizkrW7L2zaaSxTSCdmE5OHQTAJ64nDo0aNH16xaUiWdyEGn\n06GyshKVlZUAVkL74uIifD4fpqenMTAwAIPBsCq05yIkCz9riVX05Eq78CsSiUjWaqfQTggpdRTS\nCdmgXAyHrjeoSSFdWZV9ORQ6bOp0OlRUVKCiogLAys/54uIivF4vZmZmMDg4CIPBIOlp32hoTw7p\nydKF9mg0ikgkQpV2QkjJopBOSJYSh0OBzKrnaw2HpkMhvfCBVW5KeuwFWq0W5eXlKC8vB/BRaPf5\nfJibm8Pw8DB0Op0ktJvN5oz+7dYL6cmSlzEV/j7HcatCe6oNlgghShAHIOfywjQ4SogqJA+HZrL2\nebrh0HQKFdIJSSdVaPf7/fD5fLh8+TJGRkag1Wolg6gWiyXlz1a2IT1ZYpU98fsJz9NoNCo+R5Mr\n7cKKM4QQolQU0gnJQL6GQ9NhGEb2wVGlVdIBZVaX86nYLpS0Wi1cLhdcLheAlYCcKrQ7HA4xtFut\nVsnPWq7uc3JoB6S7/lJoJ0QJqJKeKQrphKwjn8Oh6Wg0Gmp3KbLAullKeuw3SqPRiK0vzc3N4DgO\nS0tL8Pl88Hg8GBsbA8MwYljPN4Zh1gztsVhMvA2FdkKI0lBIJ2QNwpv57Owsrly5gh07duR8ODSd\nQgVmpQVFpZ0PyY5Go4HD4YDD4UBTUxM4jsPy8jJ8Ph8WFhYAAO+8844Y7J1OJ2w2W95CcrrQnrh6\njLAsZOIgqtouGgnJD6qkZ4pCOiEpJA6HRiIR+Hy+vAyHpkODo+pU6kFQo9HAbrfDbrejuroaZ8+e\nxf79+yW7ovI8D4fDIfa1yx3ahed/LBYTw7kwiCr8l0I7ISTfKKQTkkSoqrEsK745rxdcNzocmg4N\njirvfPJNbRdIwv0VQntjYyN4nkcgEIDX6xU3WGJZVhLa7XZ7XkO7sEKMcI6pQnvyso+ZtMERQkg2\nKKQT8hdrDYem2/kzHo+jr68Ply9f3tBwaDo0OLpCaedDcofn+VXBlmEYWK1WWK1WNDQ0iKFdqLRP\nT08jHo/DbrdLQntiNTyX1grtwmsFhXZCskU7jmaKQjohWKmex+PxlMOhawXXXAyHplOIwVGAQnGh\nqSnYpQrpyRJD+5YtW8DzPILBoBjaL126hFgsBrvdLq4e43A4ChLaWZZFOByGRqOh0E4I2TQaXyeq\nJry5RqNRsb0l+c00uZLO8zxGR0dx/vx5bNmyBYcPH855QAeoJx1QV2AF1HeBlElIT8YwDCwWC+rr\n67Fnzx4cPXoUbW1tqKurQygUQn9/P/73f/8XH3zwAUZHR7GwsCBuPJYPyVV0oV+d4ziEw2EsLy/D\n7/fD7/cjGAyKrzVq+7cm5CPxAvzKHMuyOHPmDFpaWmAymdDa2orHH39c8pzleR6PPPII6urqYDKZ\ncOzYMQwPD0u+j8fjwYkTJ8RP/e6++24sLy9ndS5USSeqlby04lqDYIltJ7keDk2HQvoKpZ0PyZ2N\nhPRkDMPAbDbDbDbD7XaD53mEw2H4fD54vV4MDg4iEonAZrNJVpDJxdzIWueTuF67UGkXzku4zeLi\nIioqKmAwGCQryBBCCuuHP/whfvazn+HFF1/Enj178P777+Ouu+6Cw+HAN77xDQDAj370Izz77LN4\n8cUX0dLSgjNnzuCmm25CX1+fWLQ7ceIEZmZm8NprryEWi+Guu+7CqVOn8PLLL2d8LhTSiSolDoeu\n9zG00HaSj+HQdCikk1KXi5CejGEYmEwmmEwm1NXVAQDC4bA4iDo8PIxQKCSGdpfLBYfDAb1en9Pz\nSDyf5NDOcRw6Oztx7bXXwmg0puxpp9BOSGGcPXsWd9xxB2677TYAQHNzM371q1/h/PnzAFZet555\n5hk8/PDDuOOOOwAAv/jFL1BTU4Pf/va3OH78OPr7+/Hqq6/ivffew6FDhwAAzz33HG699Vb8+Mc/\nhtvtzuhcKKQTVRHaW2KxGHiez6hPlOM4RKNR9PX15Xw4NJ1CDY4qidLORw5qus/5COmplJWVoa6u\nTgztkUhEDO0jIyMIBoOwWq1iaHc6nXkN7QKj0QidTidW2iORiGStdgrtpDTFIW+39Uq7i9/vl/yp\n0WiE0Whcdev29nb8/Oc/x9DQELZv347Ozk68/fbbePrppwEA4+PjmJ2dxbFjx8S/43A40NbWhnPn\nzuH48eM4d+4cnE6nGNAB4NixY9BoNHj33Xfx+c9/PqMzp5BOVCPdcOhahOFQAHkZDk2HdhxdobTz\nySc13VdAvpCezGg0ora2VrzgFvZC8Pl8GBsbQyAQgMViEQO70+mEwWDI2fGFi2+hyr5We0w0GkUk\nEqFKOyE50NDQIPn99773PTz66KOrbvfQQw/B7/dj586d0Gq1YFkWTzzxBE6cOAEAmJ2dBQDU1NRI\n/l5NTY34tdnZWVRXV0u+rtPpUF5eLt4mExTSSclL3FFQCAXZ7Bza2NiIiYkJWQM6QO0ugLqqympU\nqJCezGg0oqamRnzTjUajYmgfHx8XQ3tiT3uqClymhOdYqrXek1+fhNsKn+glhvZUGywRonyFqaRP\nTU3BbreLf7rWc/iVV17BSy+9hJdffhl79uxBR0cH7r//frjdbpw8eVKWMxZQSCclLdPh0ETJw6F6\nvR4TExNynK5EoQKzkkK6GqkpaCklpCczGAyorq4WK2GxWEyyI2pvby/MZrMY2F0uV1ahPbGSvp7E\nKjsgDe2xWAzRaFR8XUuutOdrwydCipGwadp6vvOd7+Chhx7C8ePHAQB79+7FxMQEnnrqKZw8eVL8\nBG5ubk5soRN+v2/fPgBAbW0t5ufnJd83Ho/D4/Fk1TJLIZ2ULKHylLgx0XpSDYeGQiHx42c5AwVV\n0lco7XzySU33FVBuSE+m1+tRVVWFqqoqACuhfXFxEV6vF1NTU+jr64PJZJKE9nSfvHEcl1HBIJXk\n0A5IPy2MxWLi7Si0E2ViIe8GQ9kdKxgMrnquaLVa8eK6paUFtbW1+MMf/iCGcr/fj3fffRenT58G\nABw5cgQ+nw8ffPABDh48CAB44403wHEc2traMj4XCumk5AhbeMfj8YyHQxN3Dt27d6+k1yxx0xI1\nhnSe5zE+Po7p6WnJhjEmk0mW8yGlq1hCejK9Xo/KykpUVlYCWHn9SNwRdWBgAEajcVVoF+6rUDjI\nFYZh1gzt6QZRKbQTstrtt9+OJ554Ao2NjdizZw8+/PBDPP300/ja174GYOX5dv/99+MHP/gBtm3b\nJi7B6Ha78bnPfQ4AsGvXLtx8882455578PzzzyMWi+G+++7D8ePHM17ZBaCQTkqM8MYkXPFmOhza\n2dkJk8mUcjg0X2+s60neREkOyY9VJBJBd3c3AoEAmpubEQwGJSHE5XKJvzbTo5uO2qrLxRhaN6pY\nQ3oynU63KrQvLi7C5/NhZmYGg4ODMBgMYmDX6/V5vd+pQrvQ+pcY2oVediG4b7S6T0gpee6553Dm\nzBnce++9mJ+fh9vtxte//nU88sgj4m0eeOABBAIBnDp1Cj6fDx//+Mfx6quvSvLDSy+9hPvuuw83\n3ngjNBoN7rzzTjz77LNZnQuFdFISEitHmba3JA6Hbtu2Dc3NzSn/jhDMCxGYC1lJX1hYQFdXF1wu\nF6677jrJ0K0QQpI/7k8M7blcDUMN1HYxApROSE+m0+lQUVGBiooKACs7GCaGdr/fD57n0dvbK1bb\nzWZz3h4L4Xmb+Kmg8IljLBYTv544iCpU2kvx34cUGotsdwHd/PEyZ7PZ8Mwzz+CZZ55Z8zYMw+Cx\nxx7DY489tuZtysvLs9q4KBUK6aToJQ+HZvLGks3OoYlvbHIS7oOcQUZYm31oaAgTExPYuXMntmzZ\nIi4HJ0gOIYk9usJgnbAahhDaN7LuNAWE0laqIT2ZVqtFeXk5ysvLAaxcAPf19cFsNmNubg7Dw8PQ\n6XSS1WMsFkvBQ3tyiwyFdkLkRSGdFDVhY6LNDoemk9juIqdChHRh2/L5+Xlcd911sNls4jmkk9yj\nG4vFxM1ixsfH0dPTA6vVKll3OtPQrrYKs5pCkFpCejKGYaDX69HS0oKWlhZwHAe/3w+v14vLly9j\nZGQEWq1WEtqtVqvsoZ1lWbAsu+Za7RTaycbEAcj5cyNn1T63KKSTopTr4dB0hDewQlbS5TA3N4fu\n7m4AwHXXXbfuxUs6er1esoRdNBqF1+uF1+vF6OgogsEgbDabJLRv5nilQG0XI4B6Q3ryfItGoxGf\nB8LXl5aW4PV6sbCwgLGxMTAMIxlELWRoD4fDkvYYCu2E5Ie63xVJUcrHcOh6hDYQOcnVZsOyLAYH\nB3Hp0iVs374dfX19kqGzXDAYDJLNYoRt2b1eL4aGhhCJRMTQ7nK54HA4aEdFFVBzSE93vzUaDRwO\nh9iGx3EclpeXxefM+Pg4GIaBw+EQL3StVmveBtvXCu0cx4mfvglf1+v1FNrJOqiSnikK6aRoCJWc\neDye1XDo6OgoxsbG0g6Hrkej0RSskp7Pi4NAIICOjg5oNBq0t7dDq9Wir69vVXjK9Rtt8rbsoVAI\nPp8PXq8X/f39iEajsNvtKCsrQzweB8uyOb9wUCo1hRo1h/RsArVGoxE3YmlqagLP81haWhKXfbxw\n4QJ4npeEdpvNlvfQDqz02wuhnef5lKFdGESlC29CskMhnRQFnuexvLwsfsSazXBoNBpddzh0PYWo\npOe73WV6ehp9fX1oaGjA9u3bodFoxOHQVMfM55uryWSCyWRCXV0deJ4XQ/vs7Cyi0SjeeustcY12\nl8sFu91ecms8U7uLeggtehvFMIwY2hsbG8XXRyG0T05OguM4yb4G+XzOrBfaha+lWqtdjf/+hGSK\nQjpRPGE49IMPPkBzc7NkGyjeAJ8AACAASURBVN61ZDscup5CVtJzfdzE3vx9+/aJuygmKmRgZBgG\nZrMZZrMZZWVlGBwcxDXXXCMOol68eBEsy4pVQ5fLldeqIckftYb09dpdssUwDGw2G2w2GxoaGsDz\nPAKBgPjp1NTUlPicEfra7XZ73j6dShfaI5EIPvzwQzQ3N8Nms1FoVyVqd8kUhXSiWInDoUBmm/ts\ndDh0PaVSSff7/ejo6EBZWVnajZuUVtW1WCywWCzicpCBQEAM7ZOTk+B5XhyoEz7qL9Y3+2I9741Q\nc0jP50UlwzCwWq2wWq3icyYYDIrPmenpacTjcdjtdjG0C3Mg+TqfxNC+uLgoFj6i0ahk9RitVitp\nkVHjzwchAgrpRJGE4VCWZcUX7/VCujAcajabNzQcmk4hKulA7jY04nkek5OTGBoaQktLC1pbW1O+\n+Sk1pCdKDCBC1TDVUF3iGu35XHM6V5T8mOeLWkP6ZttdssUwzKoL3VAoJIb2mZkZcQ5EeN7kM7Rz\nHCeGcOCjn33hdT8ajUpCe/IGS6TYUSU9UxTSiaKkGw5dK6Tnajg0nUyq+PmQi+PGYjH09PTA5/Ph\n4MGD4oYqqSgtMGVykZL4UX9jY6NkJQxh+TphiTshtOdzd0eSObWG9Fy3u2QrsaWsvr5eMgfi8/nE\n4e3EZVIdDkdOlkkVVoVJDNuJVXbhNsDq0M4wzKr2GArtpJRRSCeKsd7OoakCazAYRHd3d06GQ9Mp\nxDrpuTiu1+tFZ2cnbDYbjh49CoPBsO7xgOKu6iavhJG45rSwUYywu6MQ2k0mk2LColLOQw5qDulK\nCpeJod3tdgOAJLQPDg4iEoms2pBsI6FdeA1PV6VPDu3AR+E+FoshFouJt6PQXoxYyFtJZ2U8Vm5R\nSCcFl/jim25pxeSQfunSJfT19aGurg47duzI62Y4haqkbzSk8zyPsbEx8dOFpqamjMJQKYT0ZIlr\nTjc3N4PjOCwuLsLn82Fubg5DQ0MwGAyrQrvcSukxz5RaQ7rc7S4bkbjiErCyG7EwiDo8PIxQKASb\nzSbZFTWTXYQTizDZEFb2EiS+bwirUq21eowaf8ZIaaCQTgpqvep5IqEvPF/DoekUYnBUOG624S0S\niaCrqwuhUAjXXnvthj5dUEpgzMcnGBqNRgzjLS0tYFkWi4uL8Hq9mJmZweDgIIxGoyS053K+gXxE\nrSFdaZX0TJSVlUn2NhA2JPP5fOIuwlarVRLaU31yl7gJ3WakCu3C+4nQHvPv//7v6O/vx09+8pNN\nHYuQQqGQTgomcTg0k3XPNRoNgsEg3nnnnbwMh6537GJod7ly5Qq6urpQUVGB/fv3Z/3pQilW0tej\n1WpRXl4u9urH43ExtE9PT2NgYABlZWXix/wulwtGo7HAZ10a1BzSi31zruQNyaLRqFhpHx8fRyAQ\ngMVikay6ZDAYMn69z1aqXVGnpqYwPz+f0+OQXJB7kJMGRwnJ2EZ2DuU4Dn6/H36/H9u3b8/LcGg6\nSq+kcxyH4eFhTE5OYteuXaivr9/w41Oo/vtUChHgdDodKioqUFFRAWAltAvhY3JyEn19fTCbzWKV\nfa2K4UapKbSqOaRn0hpSTAwGA6qrq1FdXQ3go9Au7Ii6vLwMs9kMi8UCYKUSn8+LXYZhEA6HYTab\n83YMQvKNQjqRFcdx4jbvQPr2FkEwGERXVxeCwSBqamrQ0tIix6lKFKqSnkkvfDAYRGdnJ1iWxZEj\nR2C1Wjd1TKWFpkJfMOh0OlRWVqKyshLAymo5qSqGiaF9IwGs0PezENQa0ouhJ32zkkO78LyZm5sD\nz/N45513YDKZJJX2XH8yGggEKKQrElXSM0UhncgicchHeGPO5M05cTjU5XKJU/1yU+rg6OzsLHp6\nelBXV4edO3fm5CN0JVXSlUiv16OqqkrcqTXxY/7E3tzE0J7PoeZipoawmkqhl2AsBOF5o9VqsbS0\nhMOHD4uV9qmpKfT398NoNEpWj9nsAHcwGBRXqyGkGNE7B8m75OHQTAJ6quHQ0dFRRCIROU55FaUt\nwciyLAYGBjAzM4Orr75a7AvNlVTHLMRjUAxBJrlimDhQNzw8jHA4LK6CIQSQTJafUwO1VtKLcXA0\nV4R+/ORPqIRZEGFH1IGBARgMhlWhPZufl1AoJLbXECWhSnqmKKSTvMp2OBRYWdu7q6tr1XBooarZ\nhTx2qmC8vLyMzs5OaDQatLe35/zjXKVV0pV0LplIHqgLh8PibqjCetN2u12ySYxWqy26+5kLag3p\nav0EAYD4XpAseRYk1apLwlKpwgXveqE9GAxSuwspahTSSV4Iw6FCe0umw6GJa3snD4cWanizkMdO\nDMw8z2N6ehr9/f1obGzEtm3b8vJGr7SQXuzKyspQV1cnrjctbMcuhI9oNAqHwwGbzQZAXVVWtYZ0\nNba7CDL9+U5edUkI7UJf+/DwsLgpmRDak3cSppBOih2FdJJzmxkOjcViuO6662C321fdptCV9EK2\nu8TjcfT29mJhYQH79u0T+6HzdUylUNK55IqwSYzb7Ra3Y/d6vVhYWAAAvP3223A4HGJPu81mK9nQ\nruaQXqr/puthWXZDszOpQrvf74fP5xN3EtZqtVhcXERvby/+6q/+ShzqJkoj9w6gxbvjqDpfJUhe\nCNXzaDQKlmXFNWvXexO+dOkSzp49C5vNhvb29pQBHShsSC9UJV2j0WB5eRlnz55FNBpFe3t7XgM6\noLxKupLOJdeE7djr6+uxfft2AMChQ4dQVVWFpaUldHV14a233kJHRwcmJibg9/tL6vFQa0hXc7tL\nri5QtFqtuCHZ/v378YlPfAJ79+4Fy7L4/e9/j1tvvRW9vb34l3/5F/zkJz9BR0dHRq/h09PT+Nu/\n/VtUVFTAZDJh7969eP/998Wv8zyPRx55BHV1dTCZTDh27BiGh4cl38Pj8eDEiROw2+1wOp24++67\nsby8vOn7TNSHKukkJ3I1HJqO2irpPM8jEolgdHQUV111FbZu3SpLoFFaSFcbi8UCq9WKLVu2gOd5\nBAIBsT1mYmICPM9LdkO1Wq1FG3TVGtKpkp77jZw0Gg2cTifuuOMO3HHHHQiHw7j++utx9dVX49VX\nX8XDDz8MnU6H66+/Hv/4j/+Itra2Vd/D6/Xi6NGj+NSnPoX/+Z//QVVVFYaHh+FyucTb/OhHP8Kz\nzz6LF198ES0tLThz5gxuuukm9PX1ifNTJ06cwMzMDF577TXEYjHcddddOHXqFF5++eWc3+/iFAcg\n53tM8VbSKaSTTRN6zzPdmAhYezg0nUJX0oULEDlEo1F0d3cjHA6jubkZra2tsh0bUE71Wk0BTnjM\nk+cwrFYrrFYrGhoawPM8lpaWJOu0Mwwj2Q3VYrEUzeOm5pCuxvsNyHeBYjQasbi4iLvuugvXX389\n4vE4PvzwQ7z55ptrtsD88Ic/RENDA1544QXxzxL35eB5Hs888wwefvhh3HHHHQCAX/ziF6ipqcFv\nf/tbHD9+HP39/Xj11Vfx3nvv4dChQwCA5557Drfeeit+/OMf05KQJCsU0smGCb3S8Xg8Z8Oh6ail\nku7xeNDV1SV+VCr34JPSKulKOpdCYxgGdrsddrsdjY2N4DgOS0tL8Hq9uHLlCkZHR8U2ACG4Jw/T\nKYmaQ7paK+ly3vdQKCSuta7T6XD48GEcPnx4zdv/7ne/w0033YQvfvGLePPNN1FfX497770X99xz\nDwBgfHwcs7OzOHbsmPh3HA4H2tracO7cORw/fhznzp2D0+kUAzoAHDt2DBqNBu+++y4+//nP5+ne\nklJEIZ1siLC0ohCaczUcmk6hK+n5PjbP8+IFzPbt29HY2Ig///nPBVmbXCnBWI0BLhsajQYOhwMO\nhwPNzc3gOA5+vx9er1eyAkZiaM92rel8UmtIV3NPOsuyG9qRdyOEjcUyNTY2hp/97Gf41re+he9+\n97t477338I1vfAMGgwEnT57E7OwsAKxqzaypqRG/Njs7K+6ZINDpdCgvLxdvQ6jdJVMU0klWhOHQ\neDyeVXtL4s6hG90Zs1ArrMhx7HA4jK6uLoTDYbS1tYkXMIW4MFFSSFebzQZWoS/X6XSipaVFXAEj\nea1pIbS7XK6cb8WeDbWGdGp3yf8FSiwWQywWy+qTSI7jcOjQITz55JMAgP3796OnpwfPP/88Tp48\nma9TJWRNFNJJxpKHQzMJ6LFYDP39/RkPh6ZTqpX0y5cvo7u7G5WVlThw4IBkC3ml7fJZiFCllguG\nfNzPxNYXQLpBjLCro7AVu/DLaDTm/DzWouaQruZKej4GR5MFAgEAyKqSXldXh927d0v+bNeuXfiP\n//gPABA3KJubmxP3PRB+v2/fPvE28/Pzku8Rj8fh8XhyvjN08aJKeqYopJOMCEsrvvHGGxnvcrmR\n4dB0Sq0nneM4DA0NYWpqCrt370Z9ff2q2xQqpCslGKsxwOVT8lrTwlbsXq8XU1NT6Ovrg9lslgyi\nGgyGvJ2PWkO6mttd5LpACYVCAJDVOulHjx7F4OCg5M+GhobQ1NQEYGWItLa2Fn/4wx/EUO73+/Hu\nu+/i9OnTAIAjR47A5/Phgw8+wMGDBwEAb7zxBjiOS7miDCHpUEgnaSUOhwIrL7DrBeXNDIemU0qV\n9GAwiM7OTnAchyNHjqxZ7VF7SFcbuQNr8lbssVgMPp8PPp8PExMT6O3thcVikYT2XPYTqzGk8zxP\n7S4yhPRgMAi9Xp/Vz+s3v/lNtLe348knn8Rf//Vf4/z58/j5z3+On//85wBWnp/3338/fvCDH2Db\ntm3iEoxutxuf+9znAKxU3m+++Wbcc889eP755xGLxXDffffh+PHjtLKLiCrpmaKQTtaUPBzKMAy0\nWm3asLrZ4dB0SqWSPjs7i56eHrjdbuzYsSPtR7+FCsxKCulKOpd8UsL91Ov1qKqqEjfMikajkuUe\ne3p6YLVaJYOoie1Z2VJrSAeg2kq6XO0uwWAw6yHpw4cP4ze/+Q3+4R/+AY899hhaWlrwzDPP4MSJ\nE+JtHnjgAQQCAZw6dQo+nw8f//jH8eqrr0o+KX7ppZdw33334cYbb4RGo8Gdd96JZ599Nqf3j6gD\nhXSySrrh0HRBORfDoekIQbkQb+y5uEBgWRb9/f2Ym5vLuD9faT3pclPSuaiRwWBAdXW1uFpFNBoV\nN1YaGRlBMBiEzWYTQ7vD4cgqtFNIVx+5KumBQCCrVhfBZz/7WXz2s59d8+sMw+Cxxx7DY489tuZt\nysvLaeMikhMU0onEesOhqcJqLBZDX18frly5sunh0HSEF3aO42SpxCTabLvL8vIyOjo6oNPp0N7e\nLq7dux5a3UVdlB5YDQYDampqxOd4JBIRQ/vg4CAikciq0J7uuarGkJ64bG1Ji4agf/v/Qf/+K2DC\nfsRbjyJ2w9/L9vodDAZl32OCZIqFvO0uhfkEPhcopBMAH/VJrrdzqFarley8mevh0HQKGdI32u7C\n8zymp6fR39+PpqYmXHXVVVm9OVNPujLaQORQjPfTaDSitrZWXLUiFAqJ7TH9/f2IRqOw2+1iaLfb\n7ZLnrppDeknfb45F2S/vgW7gDQAAz2ig7/gtdANvwNz2XWh27sz7KWyk3YUQpaGQTlYNh6ZbWlGo\n7HIch9HRUYyPj+d0ODSdxJAut41U0uPxOHp6euDxeLB//35UVlZu6Lhq7kmnN9jiYjKZYDKZUFdX\nB57nEQqF4PV64fP5cOnSJcTjcTgcDnEIVY0DlGoI6drh/4Vu8I/gdUZAt7KkJ8/zYMJ+tPS/Anzy\nC3k/h2AwuKF2FyIHqqRnikK6ygnVc5ZlwTDMulVejUaDUCiE8+fP52U4NB3hTa0QIT3bSvri4iI6\nOjrETxg2uva0HDudpjqmUkI6KV4Mw8BsNsNsNqO+vh48zyMYDIqh/eLFi4jFYhgdHYXf70d5eTms\nVmvJt4EIyy+WdEgfOwfwvBjQAQAMA16rR8XlLnhlOAdqdyGlgEK6Sm1059B4PI6hoSHU19fnZTg0\nHYZhChJahWNnclye53HhwgWMjIygtbUVLS0tm3ozVkq7i/DYF4oa2iJK/T4yDAOLxQKLxYItW7aA\n53m8/fbbcDqd8Pv9mJycBM/zYpXd5XLBarWW3GOiik8P9H+ZueF5IPG+8hxYjREa6klXuTgAOS/G\nqZJOishGdw7t6+tDIBDAli1bsGfPHjlOdZVCLcOYSSU9Go2iu7sbS0tLOHTokLjL42aovZJe8mFG\nxYQLv5qaGtjtdvA8j+XlZXEQdXx8HAzDSEK7xWIp+p8JNew2Gt97Gwx/eAaIBgCDZSWos3EwHIvp\nhqMo38SynZkKhUIU0knRo5CuIonDoULVLpM3vMTh0IqKioL2+RUypKc7rsfjQWdnJ5xOJ44ePZqz\nDV/ysdPpepQYgkq9yqxWiT/bDMPAZrPBZrOhsbERHMeJoX1hYQFjY2PQaDSS0G42m4vu50INu41y\nNdsRufkhGF99CogsAeABHoi7r8bw9i/giIKXYCRESSikq0Ry9TyTgJ5qOLS7u1uyuovcChXS16ou\n8zyPkZERXLhwATt27EBDQ0NOQ4NS2l0KpdgC2Gap7f6mu/jSaDSw2+2w2+1oamoCx3FYWlqC1+vF\n5cuXMTIyAp1OJwntxbCahyraXQDEPnkabOtR6Dr/PzCRZbBNhxDY8WnEzv9ZljZJqqQrGbW7ZIpC\nugokDodm2nu+1s6hhdz1s5DHT3XccDiMzs5ORKNRXHfddbDZbDk/rtpDupqo8THP5hMSjUYDh8MB\nh8OB5uZmcByHxcVFeL1ezM3NYWhoCAaDQdwJVQjtSqOGdhcBt+UaRLdcI/6eDQZlm28JBoMbWlGL\nECWhkF7ChOFQob0l04CebudQJYT0QoSZ5N7w+fl5dHd3o7q6GgcPHtzU1ujrHVcpSzAWenCUlJ7N\ntDFpNBqxgg6s7OgrhPaZmRkMDg7CaDSKt3G5XBteZSmX1NDushY597gIBAJobm6W5VgkW1RJzxSF\n9BLFcRzi8fiGhkOvXLmCa665RtwKPJFGo1Flu4twccCyLIaGhnDx4kXs2bMHbrc7r8elwdHSbwtI\npLb7m8tZA61Wi/LycpSXlwNYWYlKCO1TU1Po6+uDyWSShHaDwZCTY2dDTZX0ZMKnuXIIhUKK/CSF\nkGxQSC8xuRgOTbdzqFarFTc9KoRC9qQDwLvvvgsAaG9vl2UoqVCDo2v135P8UePjm8+BYJ1Oh4qK\nClRUVABYCe3CbqgTExPo7e2F2WwWA7vT6ZQltKulJz0VOS9QaDMjJWMhb3W7eF9bKaSXkM0Mh164\ncAHbtm1DU1NT2r+jhHaXQhx/fn4eAOB0OrFz507Z3mgK1ZOuNGoMsKVO+DeV67mk0+lQWVkp9inH\nYjExtI+PjyMQCMBqtYr97E6nM2erNCVSeyVdrnYXGhwlpYBCeongOA7RaDSrjYkSh0Pb2toy2jlU\nbe0u8XgcAwMDmJ2dBQBs27ZN1jdYJfWkF4ISLxjySU33V/gZK9R91uv1qKqqQlVVFYCVfQ6E0D46\nOopgMAibzSYGdqfTmZPZE7X3pMtZSbdarbIci5B8oZBe5HieRzweRzwe39BwqNvtxo4dOzKubmi1\nWtVU0peWltDR0QGDwYAjR47grbfeUkzrSSGOGQwGwbJsSWwoo0RKuTCSS6FDejKDwYDq6mpxFicS\niYgbKw0PDyMcDq8K7RupClMlXZ5KejAYpJ50xYoDkPN5X7yvrRTSi5jQey6E1lwNh6ajhnYXnucx\nNTWFwcFBNDc3o7W1VfxaIYY4Cz04yvM8JiYmMDQ0BJ7nxWXuysvLZVsxQ20BVg2U/m9qNBpRW1uL\n2tpaACtLrgqhfWBgANFoFHa7Xexpt9vtGQVQ6knP/wUKz/NUSSclgUJ6EUocDs2mvcXr9aKzsxMW\niyXtcGg6hW53yXdojcVi6O3thdfrxYEDB8ShMyFQyB2YCz04GovF0NPTg8XFRRw4cAAmkwl+v1+y\nYobFYpEM3+Wyj1etYUYNlFZJX09ZWRnq6upQV1cHnuclof3SpUuIx+OrQnuqQKr2dhc5K+nUk65U\nVEnPFIX0IpM8HJpJQM92ODSdUm538fl84kVMe3u7pEIsDOEqpfUk38cEgMXFRXR0dMBqtaK9vR0M\nw4BlWcmKGbFYTAwqQh9vYlBxOByyvSkXu3yudKJExRbSEzEMA5PJBJPJBLfbDZ7nEQqFxOfCxYsX\nwbIsHA6H+Fyw2Wzi61cx3udckHsJRlrdhRQ7CulFJB6Pw+PxwGw2Q6fTZTUcGo/HMx4OTacU2114\nnseFCxcwMjKCq666Cs3NzSkf20Lc90INji4uLmJychKtra1oaWkBwzApl97U6/WSPt7E6mJ/fz9i\nsVjKoJItpbdGkOwVc0hPxjAMzGYzzGYz6uvrwfM8AoGAOIg6OTkJnufhdDrBsiz0er3qLsoA+dpd\nWJZFOBymkK5YVEnPFIX0IiAMh0ajUZw7dw433HBDRi0FGx0OTafUQnokEkF3dzcCgQAOHz4Mp9OZ\n9tilXkmPx+O4cuUKIpEIDh48KG4Mk6nkloBgMCiGdiGoJG4ms94QqtpCjJqUUkhPxjAMrFYrrFYr\ntmzZAp7nsby8DJ/Ph6mpKSwuLuKtt96SLPdotVpL8rFIJNfgaDAYBAAK6aToUUhXuFS95+uF1M0O\nh6aj1WpLZgnGhYUFdHV1weVyob29fd0LHyUMcebT0tISPvzwQ3Ach9ra2qwDejKGYWCxWGCxWMSg\nsrS0BK/Xi4WFBYyOjkKn00lCu5pXY1BbZTWbzdaKHcMwsNlssNlsCAaD0Gq1qK6uhtfrhcfjwdjY\nGDQajRjaXS4XzGZzyT02cvWkU0gnpYJCukIJW9DH43FJQF9vcDMXw6HpKKGSvtkdTxN79Hfu3Ikt\nW7Zk9GZYiEq6XI/3xYsX0d/fj+bmZrAsm/JnbLOBgWEY2O122O12NDU1geM4cdv2S5cuYXBwEGVl\nZZLQLqxLTe0upUdtFyUCjuOg1+tXPReEC9jLly9jZGQEOp1OEtpNJlPRP14sy8qyq2swGIRGo5Fl\n5SmyATwnbwdKEb99UEhXoHTDoWsNbuZyODQdJYT0zRw/FAqJGzhdd911sNlsGf/dUqyksyyLvr4+\nXL58Gfv370dlZSWGhoY2fSGUCY1GIwaQrVu3SrZtv3DhAnp7e8Ul1DweD6qqqnKymYySFXsIy4aa\nQ3pyX7ZGo4HD4YDD4UBzczM4jhNXUZqbm8Pw8HBJfOokV096MBik/RxISSjtd7wixLJs2qUVU7Wb\nBINBdHZ2gmXZnAyHpiMcv1BvsJsJ6XNzc+jp6UFNTQ127dqV9ceupdaTvry8jI6ODuj1erS3t4uf\nuhTqjS152/ZoNAqPx4O+vj6MjY1hYGBAXDmmvLx8zSXuipXaPi1Qa0jPZAlGofXF6XSipaUFLMuK\noX1mZgaDg4MwGo2SSnuuPzXNBznbXUqxXahkcH/5JefxihSFdIVI3DkUWHtpxcSQzvO8OBxaX1+f\ns+HQdIQ3l0KG9GzDDMdxGBgYwKVLl7Bnzx7U1dVt6NilVEm/dOkSent70djYiG3btklCQ6FWlElm\nMBhQU1ODvr4+HDx4EDzPiz2809PT4DgODodD3FRJDYN3pUStIX0j1WStViuGcWClmOPz+eDz+TA9\nPY2BgQGUlZVJQrsSWz3kWoKRdhslpYJCugKk2jl0LUJPeuJw6Mc+9rGcDoemI5xboba2zraSHggE\n0NnZCQBob2/f1OYWpVBJZ1kWAwMDmJ2dXfPnZq1j8jxfsDXbAaxalzoQCIihfXx8XKw+CqG9GHt4\ni+18N0MJF4KFkIt10rVarWS/AqFVTFg9pq+vD2azWbLJmBy94OuR630jEAhQJZ1sWHNzMyYmJlb9\n+b333ouf/vSnuOGGG/Dmm29Kvvb1r38dzz//vPj7yclJnD59Gn/84x9htVpx8uRJPPXUU1m3bFJI\nL6C1hkPT0Wq1WFpawsDAAKxWKz7+8Y/LWjERKvUsyxakPzibkC5UixsaGrB9+/ZNvzkUeyU9GAyi\no6MDDMOgvb09baVJaQEq+XwSl7hraGgQB+88Hg/m5uYwNDQEg8EgtsYotbKYSGmPeb5RJT13klvF\nYrGYZL5jeXk5rzsDZ0quJRhDoRDtNqpk7F9+yXm8LLz33nuStuKenh58+tOfxhe/+EXxz+655x48\n9thj4u8Tf95YlsVtt92G2tpanD17FjMzM/jKV74CvV6PJ598MqtzoZBeIBvdOTQcDmNsbAw7duzI\n23BoOsLxCjU8mklIj8fj4jBkLj9lKObVXebm5tDd3S22RaULCUppdxFkuvKOMHgn9PAuLi7C4/FI\nKotCYC9USCEfUWtIl+N+6/V6VFVVoaqqCsDKfIcQ2oWdga1WqyS0y1F0kbOSTssvkmR+v1/ye6PR\nmLJ4IzxvBP/0T/+E1tZWfPKTnxT/zGw2o7a2NuVxfv/736Ovrw+vv/46ampqsG/fPjz++ON48MEH\n8eijj2b1qRaFdJnxPJ9y7fP1CMOh0WgUTU1NaG5uzv/JppDJMpD5tF5o9fv96OzshMFgyPkSlMW4\n4yjHcRgcHMT09DSuvvrqNV9Uko9Z7LRaLcrLy8W13oXKosfjEUOKzWYTQ7vD4ZClwkc+otaQXohW\nQYPBINkZOBKJiKF9eHgY4XBYEtodDkdeQrtcg6OhUIh60pWsQJX0hoYGyR9/73vfw6OPPpr2r0aj\nUfzyl7/Et771Lcnr1UsvvYRf/vKXqK2txe23344zZ86I1fRz585h7969qKmpEW9/00034fTp0+jt\n7cX+/fszPnUK6TLKdDg0+e8kDoeaTKaCVwDXWgZSDmsFZZ7nMTU1hcHBQbS0tKC1tTXnAaBQ7S7A\nxgJNKBRCR0cHOI7DkSNHMq4sKa2SDmy+FSS5shiJRODxeOD1etHf349YLAaHwyGGFJvNVpCZCzWF\n1kxWOSlFSrjfRqMRv2T/DAAAIABJREFUNTU1YogIh8NiaB8cHEQkEoHdbhcHUXN1ESvn4ChV0kmy\nqakpyep3mbRA/va3v4XP58NXv/pV8c++9KUvoampCW63G11dXXjwwQcxODiIX//61wCA2dlZSUAH\nIP5+dnY2q3OmkC4ToXouvEhl8mYci8XQ29uLhYUFsW2jp6enoOuUA4VdKz1VUI7FYujp6YHP59vQ\nVvaZKtTgKJB9SL98+TK6uro2vNykkkJ6PoKr0WhEXV0d6urqwPM8gsEgvF4vvF4vJicnwfO8ZE1q\nOdZcVtJjLgeqpCtHWVkZamtrxU/aQqEQvF4vfD4f+vv7EY1GxYtYp9MJh8Oxofsg5zrp1JOuYAVa\nglHYQCwb//qv/4pbbrkFbrdb/LNTp06J/793717U1dXhxhtvxOjoKFpbW3NyygIK6Xm2keFQ4KOd\nQ5OHQ1Otky43JbW7CI+TzWbD0aNH87qCQaEr6ZngOA4jIyOYmJjAnj17JC8s2RxTTYGRYRhYLBZY\nLBZs2bIFPM+Luz8uLCxgdHS0JDaSURo1h3Sl3+/klZQSQ/v09DTi8XjWnzwJ74VyrZNOlXSyWRMT\nE3j99dfFCvla2traAAAjIyNobW1FbW0tzp8/L7nN3NwcAGTUcpqIQnoecRyHeDye9XBoup1DNRqN\nLLtBpqOEdhee5zE+Po7R0dG87rCafOxCDI4CmYX0cDiMzs5OxGIxHDlyRNytM1trhfRCBgs5H3eG\nYVZt2b64uCjZSKasrEwS2nN1caj08JZLag7pSqukp8MwDMxmM8xmM+rr61d98jQ1NSXuWSA8H6xW\n66r7KDyH5aqkC2vKE7JRL7zwAqqrq3HbbbelvV1HRwcAiHuwHDlyBE888QTm5+fFOZDXXnsNdrsd\nu3fvzuocKKTnQeJwqPBGlM1wKMuya25Zr9VqEY1G83HaGStku4tQxX///fcRCoVw7bXXwuFwyHLs\nQlbS1zvuwsICOjs7UVlZiYMHD25q6EtplfRCBzmNRiPZSEZYk9rr9WJiYgK9vb05WSlDSY+5HNQa\n0pXQk74ZqT55EvYsEJ4TPM9LNlayWq3ia5hcg6P19fV5Pw7ZIIUvwQisvOe+8MILOHnypOT1fHR0\nFC+//DJuvfVWVFRUoKurC9/85jfxiU98Atdccw0A4DOf+Qx2796NL3/5y/jRj36E2dlZPPzww/j7\nv//7rJcCppCeY8lLK2YS0LPZOVQp7S6FCul+vx/xeBx6vR779++Xda32Qvekp8LzPEZHRzE+Po5d\nu3ahvr5+08FHjcEpG8lrUkejUTGgDA0NiUN3whrtdru9qENZvqjtokRQbJX09STvWcDzPJaXl8Xn\nxPj4uPjpFABxZaV8vs4ImxkRslGvv/46Jicn8bWvfU3y5waDAa+//jqeeeYZBAIBNDQ04M4778TD\nDz8s3kar1eK//uu/cPr0aXHRhpMnT0rWVc8UhfQc2sxwqMfjyWhNbyWE9EKcA8dxGB4eFncB+9jH\nPiZ7mCzUEoxA6kATiUTQ1dWFUCiEtra2rAdi0h1TaQFKaeeTyGAwSFbKEPp3PR4PpqenwbKsZCdU\nq9W65s+umi6Q1FpJL4ae9M1gGAY2mw02mw2NjY3gOA7Ly8uYn5+Hx+PBn//8Z2i1WvFTJ5fLlfPd\nQUOhEPWkK1mBBkez8ZnPfCbl+05DQ8Oq3UZTaWpqwn//939nf+AkFNJzQBiIEdpbMg3oHo8HXV1d\nsFqtOHr0aEYfgxRyaDPxHOQMq6FQCJ2dnYjH4zhw4ADef/992Y6dSEmDox6PB52dnXC5XDn/REFp\nPenFFmiSh+6EVgCPx4Px8XFoNBpJaDeZTIq8MMo3NYZ0nueLvt0lWxqNRvw0aXp6Gtdffz38fj+8\nXi8uX76MkZERyWC20+kUnxMbRau7kFJBIX2T8jEcmk4hhzYFcob02dlZ9PT0oK6uDjt37hSHZgvx\nBl+oC6TEAJc4MLt9+3Y0Njbm5XFQW2DMl+RWAI7jsLS0BI/Hg7m5OQwNDcFgMMDlciniuS0ntYZ0\nQJ7hSaUR2nyEi1Sn0wlgZe10IbQLg9nCcyIxtGeDKukKx0HenvQiflmlkL5B+RwOTUct7S4sy2Jw\ncBCXLl2S7JQphJhC9HUWopIOfHRRFI1G0d3djeXl5bwOzKar6hYqVJXKRYNGo4HD4YDD4UBLSwtY\nlsXi4iI8Hg/m5+cRDofxf//3f2KV3el0FnzzsnxRW0UZ+Oj1S20XJwDWXH5RaH0RBrOF54TX68X0\n9DQGBgZgNBolqymt96kz9aSTUkEhfRPi8XjGAT2b4dB0lBDS811JX15eRmdnJzQaDdrb2yUvtsKb\neqHCciHCIsMw8Pv9GBoagt1uR3t7e16Dm9JaL0o50Gi1WpSXl6O8vBxWqxUXL15EU1MTPB4PRkdH\nxSE7IbTnaudHJaBKurpkWlhJfE4AK++zQmifmppCX18fzGazZPWYxCVQhXXdN7oELSFKQiF9g4Rg\nnsmLTrbDoekUcmUVOc5henoafX19aGxsxLZt21Y9voUM6YWopAuf2PT09GDbtm1obm7Oe7BRW3BS\nEoZhUFVVhaqqKgArw8Eejwderxf9/f2IxWKw2+1iaM9kExmlUmNIF14/ivXfbDM4jtvQBaZOp0NF\nRQUqKioApF4C1WKxYH5+Hj6fD5/+9KepJ13pimAJRqVQ3ytFDmXyQuvxePDOO+8gHo/j6NGjmwro\ngDIq6fk4h3g8jq6uLgwODmLfvn3YsWNHysdXuDhSQyU9Fouho6MDHMdh165daGlpkSXUKK2SDpRO\nu0u2jEYj6urqsHv3brS3t+Paa69FdXU1lpaW0NnZibfeegtdXV2YmprC8vJyUT1Oag3pmbZGlhph\n1bPNEpZA3bZtG6699lpcf/312Lp1K6ampvDP//zP2LlzJziOw09/+lP87ne/g8/nW/d7Pvroo+K/\ni/Br586d4tdvuOGGVV//u7/7O8n3mJycxG233Qaz2Yzq6mp85zvfKfjGg6T4USU9TzYzHJqOEkK6\nRqNBLBbL2ffz+/3o6OhAWVkZ2tvbUVZWtu7xS72SLjwmZrMZBoMh69mFzVJS2FNLoFkvtCbu/Chs\nIrO0tASv14uFhQWMjo5KVskQVo5RKjWHdDXK1xyRXq9HVVUV7r33Xtx7772YmppCe3s7OI7DAw88\ngOHhYezfvx+f+tSn8O1vf1tcKjXZnj178Prrr4u/T14x65577pGsc51YqWdZFrfddhtqa2tx9uxZ\nzMzM4Ctf+Qr0ej2efPLJHN/jElAESzAqBYX0PNjscGg6wgoQhXyDy1VI5nkeExMTGB4extatW7F1\n69aM7lOhQroclXSe53Hx4kUMDAyIj8mbb74pa2imSnpxEDaIsdvtaGpqAsdxYu+usEpGWVmZJLQn\n9u4Wmhr/TdU4LCtYa3A011wuFxYXF/H000+jpqYGly5dwh//+Ef88Y9/TLtUrU6nExcoSMVsNq/5\n9d///vfo6+vD66+/jpqaGuzbtw+PP/44HnzwQTz66KOKet6R4kIhfROSA2WuhkPTSezJLtQAWS6W\nIoxGo+jp6YHf78ehQ4fEyf5Mj1+KlfR4PI6+vj5cuXIFBw4cEHsw5b6/SgzpZH0ajUaySkaq3l2r\n1SpZ2k7OHXuTqbWSrtaQLtd9D4VCAD6qdLvdbpw4cQInTpxI+/eGh4fhdrtRVlaGI0eO4KmnnkJj\nY6P49Zdeegm//OUvUVtbi9tvvx1nzpwRj3Hu3Dns3btXUqW/6aabcPr0afT29mL//v25vpvFjXrS\nM0YhPUdyORyajhDM5apKrHUOmwmNXq8XnZ2d4kol2VYZSrEnfWlpCR0dHTAajas2tpI7NCstOCnt\nfPIl16FV6N2trKwEsHJhLGzVPjQ0hEgkArvdLoZ2h8Mha4BUa0hX230WyPWeFQgEACCrwdG2tjb8\n27/9G3bs2IGZmRl8//vfx/XXX4+enh7YbDZ86UtfQlNTE9xuN7q6uvDggw9icHAQv/71rwGs7OeR\n3EYj/H52djZH94yoEYX0HNjIzqEbJbyJFrIvfaOVXZ7nMTY2hrGxsU1txFNqlXRhRZvm5ma0trau\nCkqFCOlKq6Qr7XyKkcFgQE1NjRgeQqGQGNqnp6fBsqy4rJ2wJGQ+A6UaWz+oki5PJd1sNmf1s3vL\nLbeI/3/NNdegra0NTU1NeOWVV3D33Xfj1KlT4tf37t2Luro63HjjjRgdHUVra2tOz5+QRBTSN4Hj\nOAwNDWFiYiKnw6HpMAxT8OHRjbS7hMNhdHV1IRwOb3ojnlLpSWdZFv39/Zibm8O+ffvEZfeSUUgn\n+WAymWAymeB2u8HzPAKBALxeLzweDy5cuACGYcTALgyh5vL1TY2VdDVemAjkatEUNjLazM+W0+nE\n9u3bMTIykvLrbW1tAICRkRG0traitrYW58+fl9xmbm4OANL2uasWtbtkjEL6JszOzmJ+fj7nw6Hr\nKfRa6dm2u1y+fBnd3d2orKzEgQMHNt0HW8iQnqvjBgIBdHR0QKvVor29Pe0qHIUIzUoK6WoJcoUM\nrQzDwGq1wmq1oqGhARzHYWlpCR6PB3NzcxgaGhK3ahdC+2Y/MVRjSFd8u0vYC83iBfDmKvC2LTn9\n1izLyjIDkYs10peXlzE6Ooovf/nLKb/e0dEBAKirqwMAHDlyBE888QTm5+fFVtfXXnsNdrsdu3fv\n3tS5EHWjkL4JbrcbFRUVsveGK6GSnklY5TgOw8PDmJycxO7du+F2u3PyBlXIdpdchNeZmRn09vZi\ny5Yt2L59+7qVNaqkK+uiQQ00Gg0cDgccDgdaWlrErdo9Ho9k10chsDudzqx3wVVjVVmx95mNwfDe\n09D3/QqIBQCNHvGGTyL6icfBmytzcgi52l2EkJ7Ne823v/1t3H777WhqasKlS5fw/7P35vGR3PWd\n97uq+la3unVLI42kGY3mnvEc9ngk25zGHA4xi0OCkwALbA7HTxLMC5ZN1gTHJISHhSd58qzJsiyx\nCYRw7HIsDjzxRRywZ2yD1bpnNNKMpNF9dOvqu6tq/9BUI2l0q7uqW13v12ter1Gru3/1a1VXfepb\nn9/n+6lPfQpJknjggQfo6+vjG9/4Bu94xzsoKSmhra2Nhx9+mNe97nWcPHkSgHvuuYejR4/yvve9\nj8997nOMjY3xyCOP8NBDD2XU/pqzmBGMm8YU6TtAs57oTS6IdC2GUlEUmpqa0tqiOVcr6YqicOnS\nJUZGRm5KAsjkuFslG0W6ibGsbNWeSCSYmZkhEAjQ19dHOBzG4/GkRLvX693w2JivlfRsFOm2X/xX\nrC1fAtGKavWAHMNy9ccIsVmiv/qPkIa/k14LR7dTSR8aGuKBBx5genqasrIy7rzzTi5evEhZWRnR\naJRnn32Wv/mbvyEUCrF3717uv/9+HnnkkdTrJUniqaee4sEHH6SpqYmCggI+8IEPLMtVNzHZDqZI\n3wG5nlO+XTa6SBgbG6Ojo4M9e/ZkLIYy1xaOhsPh1C3S5ubmLZ1EzHSX7NqeTJFLolVrIKOto4jF\nYgQCAYLBIN3d3SQSCQoLC1Oi3ePx3CROc2m+6SIr7S6JEJaufwTRguq4EYUr2VAFCWns54jjr6FU\nnt3xMHpX0rfCN7/5zTV/t3fvXl544YUN36Ouro4f/ehHWxrXxGQjTJGeg2RrJV2WZS5dusTo6CjH\njx/P2IKZXFs4OjExQVtbG3v27OHw4cNbPlGZdhfT7pLt2O12qqqqqKqqQlVVIpFISrQPDg6